10265.8
7767.9
9483.3
10191.3
9523.1
9483.9
7137.2
8865.4
9934.9
9945.7
9473.6
10417.8
9317.8
9972.1
8186.5
8964.8
11338.8
10209.4
8848.0
8905.0
8583.5
9799.6
8536.9
7535.7
9843.4
10764.9
9668.0
9448.6
10068.5
9936.4
9679.1
8552.6
8875.8
8861.3
11180.2
11467.8
10545.2
10806.6
12243.7
10048.7
8759.3
10012.0
8319.6
10636.3
9850.9
9296.9
8410.6
8761.1
10055.4
8713.6
8423.0
11381.7
8599.5
9126.7
9649.2
10217.1
8145.5
8219.8
9582.4
10279.0
8173.1
8796.4
10496.7
8624.4
8139.7
8241.4
9767.3
10155.7
11564.7
13167.7
9099.0
8852.6
10398.5
8582.0
9687.1
8388.1
8308.0
7029.7
9893.8
8570.8
9565.0
8478.5
8688.3
10275.8
10747.5
8774.6
8604.5
9464.8
10529.3
8692.7
8460.9
7866.5
10126.8
10285.6
7479.4
10690.8
7585.5
9207.6
9144.2
8926.6
8801.9
10285.6
10279.2
8628.9
8801.1
9149.5
9356.5
10753.1
9595.8
10653.1
9671.4
9364.7
10130.2
8925.7
10251.9
9449.8
8611.8
9072.8
9935.2
9269.5
9715.2
9254.2
9699.9
8664.9
11281.5
10306.0
11971.8
10094.7
9926.7
8176.0
8625.0
9552.2
11682.3
9154.1
10108.1
8583.2
8618.8
10195.0
8443.1
7704.6
10361.1
10150.6
10264.8
7507.2
8669.0
10589.9
8582.6
9207.9
9737.6
7970.7
8832.2
8867.8
10969.0
10047.3
9528.8
9830.8
10074.3
8153.0
10134.6
9473.3
9863.2
9553.2
8811.4
10290.7
8248.5
8730.9
10357.8
9761.0
9742.6
9076.2
10360.5
8590.8
9226.7
9734.0
8147.7
10143.4
8412.9
10969.1
9487.2
7578.0
7954.4
9298.6
10689.1
11298.6
10561.0
9508.4
8509.4
9384.7
8442.9
9199.0
9619.4
10867.9
10222.4
9012.1
8749.2
10829.2
10256.2
10932.8
10198.3
7710.8
7288.3
9498.7
8659.6
8862.6
10518.2
10148.6
9340.9
9667.0
8409.4
8925.8
10521.6
9249.8
7827.9
9161.4
8995.3
10143.8
9975.3
8702.5
9544.0
7665.9
8721.2
9385.9
8942.4
8173.8
11469.7
9199.7
9361.3
9436.8
9847.1
7905.8
8990.8
7437.1
8370.3
9146.4
6462.9
9417.6
6526.3
9172.3
6984.4
8190.0
9432.3
11322.5
9723.3
9600.3
10978.9
8872.9
10431.3
9377.5
8422.5
8817.1
11321.8
9923.8
11024.8
8967.4
10409.3
9804.3
11631.9
9258.8
11280.1
9755.7
10083.7
9052.7
9319.2
9153.3
10083.1
11010.7
9504.4
9052.6
11260.5
9345.4
8256.1
11165.3
8923.1
10615.2
9145.3
9318.2
9384.6
8323.1
9893.2
9880.1
7779.4
8047.9
9975.4
9977.5
9296.3
11020.5
10419.3
8468.3
11062.3
9200.4
8336.1
9860.4
7894.1
9230.7
10917.0
9372.9
9155.4
9435.8
8654.0
10227.1
9553.9
10857.4
7654.0
9161.1
11494.6
9773.3
8195.0
11061.6
9055.7
8095.5
8879.5
9628.6
8112.7
10920.5
8350.5
10098.8
8093.3
9801.1
10150.2
8812.3
8674.6
10088.1
9956.9
10492.3
11215.8
11372.6
10054.7
9337.5
7795.8
11193.8
10357.1
10710.2
9255.8
6693.4
10198.7
9434.3
9915.7
9065.3
12090.8
9940.4
8706.2
8642.5
8229.8
9151.7
8215.9
10020.7
10089.1
8387.4
8039.3
7973.8
8603.6
10508.2
8190.5
8598.1
9581.5
8751.3
7626.8
9466.2
9635.2
9516.9
10379.9
9347.1
9463.5
6987.1
9977.1
9040.9
9060.8
9908.0
10831.8
8428.2
7807.2
11223.4
10360.2
9644.2
7414.4
8437.0
7932.4
10026.7
7939.2
9899.3
7868.1
9298.7
10746.7
10694.6
10795.2
10847.7
9043.8
10411.2
10818.2
7373.9
10199.0
8254.9
8830.3
9705.0
7916.3
9221.8
8578.9
10044.2
9272.4
8727.5
9758.6
9679.1
10680.8
9948.6
7964.3
10147.0
8101.0
11622.3
10612.1
10960.0
9408.2
7919.3
10087.3
9408.8
11575.8
9380.0
11037.3
10877.9
9907.2
9943.9
8573.3
6963.1
10815.3
7924.0
8586.1
9909.4
11074.8
8929.5
9773.5
9150.0
9862.6
8890.2
10475.8
7796.1
10424.5
10221.6
8557.3
9373.0
10137.2
9700.0
10499.9
11381.7
9964.4
10135.6
10070.8
9504.2
7639.6
8641.3
10264.9
10079.8
8162.6
9119.2
7716.9
9164.6
9015.6
10927.0
11326.2
11187.9
10450.4
9986.2
9659.6
11863.8
9498.9
10452.7
8107.4
10866.1
10837.0
6770.7
7931.7
8559.6
10611.8
9584.0
9050.5
9999.6
9933.8
9038.6
8807.5
9965.8
10282.6
8634.6
9315.1
9037.0
7892.2
9342.5
8827.0
10636.3
8851.3
10522.5
10297.7
8718.4
10443.2
9150.8
10590.1
10911.8
7887.3
10002.9
8895.3
10056.8
10283.6
9377.5
9413.5
10558.0
9089.9
10890.3
7927.6
9858.2
8824.4
5938.4
9452.8
9169.5
7015.9
10232.3
11856.4
10205.5
9824.8
7171.6
11726.1
11194.5
8338.6
8730.1
9412.0
9584.6
8431.0
9647.7
10964.1
8278.7
9041.6
10612.8
11459.1
10720.5
7418.5
8663.7
10777.6
10636.2
10673.9
8246.9
9899.2
8532.6
12078.3
11531.6
8414.6
9420.2
8887.2
9262.5
10012.2
7533.0
9734.7
9309.6
10834.5
9884.7
8500.9
9387.1
11197.1
9502.9
7638.6
11152.0
10259.5
11475.2
10253.6
11183.0
8743.5
8144.4
8531.1
9435.2
8367.1
9093.8
9800.6
11033.6
9070.5
10469.7
9737.9
10393.1
9707.0
8769.3
9360.3
10701.8
10670.2
7703.6
10262.7
9363.7
8925.8
9119.1
9087.8
10020.2
9864.7
9529.9
7724.8
10449.8
9509.4
9353.1
10010.2
11080.5
10191.3
9456.7
7771.4
12555.8
11213.1
10609.7
10229.4
6901.1
9294.7
10863.9
9338.8
9209.1
9936.2
10161.2
10110.6
8791.2
8503.3
10577.1
9828.2
8787.0
10022.9
9177.3
8339.7
10623.7
11124.1
8542.6
9556.9
9372.3
8223.4
8444.9
9150.1
10654.8
10526.6
11459.7
10632.2
9780.0
10761.2
11579.0
7546.2
9821.7
8411.5
11144.8
9752.4
10601.9
10114.4
9019.1
9813.0
8194.5
9466.9
10176.3
9933.2
10918.2
10161.1
10286.3
12645.8
7638.0
8072.6
9491.0
11591.2
8163.9
9123.7
9600.9
9388.8
10413.1
11065.9
10776.3
9463.2
9959.3
8116.1
9776.5
10960.1
9741.6
11031.6
8922.0
9266.3
8832.6
11560.3
9113.7
12474.6
6775.6
10546.0
10457.3
7946.8
9120.1
10157.9
10925.7
10009.3
9359.7
8616.6
10986.4
7996.8
9661.4
8126.9
9723.3
10955.4
9852.1
11488.0
11526.4
11364.4
8764.9
9860.0
8487.8
8591.4
7745.0
10173.4
10204.5
8944.5
9753.7
11520.7
7756.9
9889.8
10039.7
8828.1
11444.1
8988.2
10028.9
9106.1
9593.9
7755.3
9763.4
10152.6
9702.7
8836.2
10061.1
9394.3
11336.0
9716.8
9524.7
9834.2
8322.5
9312.3
10547.2
8833.6
10183.2
9623.1
10690.9
10935.3
8374.3
11267.1
8251.0
9511.8
10502.0
10180.3
9763.6
8931.8
8538.3
10825.6
11024.8
10450.5
9619.3
11804.1
9896.9
9548.0
11726.1
10549.7
7208.1
12152.3
10737.6
9943.2
9768.3
8611.8
9146.4
9397.4
11379.6
9284.8
8892.7
10058.9
8972.6
10627.0
6235.5
9172.4
7320.9
9823.0
9043.0
8571.7
9413.3
8971.8
8944.5
11009.2
9706.9
9374.7
8208.4
9255.3
7931.4
10711.0
11178.7
7661.0
9067.0
9146.0
8640.2
10407.7
10078.4
8699.5
7388.7
9890.3
9483.4
9619.3
8417.4
9731.2
9355.6
10624.3
9461.8
10569.5
9921.5
8609.3
8689.4
8298.4
11650.7
8810.9
8937.9
8497.1
9832.4
9481.3
11417.2
9068.9
8942.9
8534.7
8530.9
8764.9
8326.2
10539.9
10089.6
8873.0
9073.9
10940.9
9389.5
8648.7
8211.7
10423.4
10718.3
10714.5
10655.7
12007.1
9661.9
9287.4
11376.3
8772.0
8386.0
9177.5
10496.2
9371.3
10347.3
10047.0
9534.1
7069.0
7260.8
9771.9
9485.5
9644.5
8284.1
11060.0
8591.2
8412.2
10384.4
7392.3
9870.9
9291.5
9744.3
8647.5
9254.9
9828.2
8534.3
11705.0
9078.6
10415.6
7784.0
9240.4
9819.6
9750.9
10286.8
11578.5
9350.8
9904.2
9681.4
9306.2
10016.5
9319.6
9315.9
10535.7
10725.6
8941.5
9618.3
7561.8
9614.4
9308.0
8829.3
10780.6
9748.8
10167.3
10097.5
11930.5
9236.8
7736.0
8935.4
9692.8
9204.3
10936.2
7684.6
11282.8
9218.9
7548.4
7880.3
8465.1
9909.9
10745.0
8863.1
8472.3
11657.2
10139.4
8058.4
9075.6
6902.4
8059.1
8778.3
9441.4
9974.2
11238.4
9498.4
9436.7
9382.0
8914.4
10389.3
11193.9
9738.3
9464.5
9930.0
8553.4
10745.7
8808.3
9749.7
8578.4
10077.4
9499.6
8435.3
10296.0
8643.4
9496.1
10922.8
9335.7
9842.5
10381.9
9828.1
9441.6
8329.6
9101.5
10940.4
6516.3
8763.0
9989.8
7579.7
10130.7
10193.5
10947.6
10428.3
10522.2
9716.5
9281.9
10495.2
7850.1
9698.3
8703.2
11264.0
6761.3
9815.5
10964.1
10684.9
7916.9
8364.5
8139.1
10615.3
9859.3
9462.1
9951.4
10710.9
10126.9
7974.7
9256.6
11235.1
8695.2
9312.1
10338.6
9880.6
9680.0
10362.8
7429.3
10907.6
8997.8
9890.8
8828.8
8124.0
8192.3
7778.5
9814.6
10228.8
10667.7
8236.7
9043.0
9081.5
9786.7
9443.6
9703.9
8874.0
11271.2
8347.6
10057.0
9711.1
9106.3
10163.0